498
517
464
411
335
218
304
205
178
149
220
189
114
117
118
117
213
185
134
131
173
178
155
195
130
96
137
166
98
166
150
142
167
129
187
122
114
89
98
96
133
114
83
102
148
86
125
80
86
116
166
181
190
170
160
148
165
162
179
138
82
77
97
74
139
88
83
139
145
73
99
113
119
115
79
105
133
119
150
135
138
108
128
148
87
69
97
102
68
113
150
141
134
117
124
156
136
148
128
139
145
155
147
135
107
108
113
146
134
142
133
129
140
102
96
108
67
63
65
66
95
132
131
86
115
136
77
62
88
71
65
79
135
84
89
129
122
62
63
76
67
68
117
132
113
69
63
65
82
64
120
105
63
61
70
108
61
62
64
64
105
81
119
126
125
88
118
60
83
109
126
77
61
61
61
61
67
78
83
71
68
131
96
119
61
112
98
121
126
115
129
126
127
121
132
129
128
103
126
101
106
97
69
76
107
118
115
66
95
125
122
115
113
61
119
60
59
62
66
133
121
113
121
119
115
71
76
64
59
58
124
66
56
57
101
54
58
58
59
61
66
65
61
58
58
68
60
58
59
58
66
60
59
58
64
60
60
72
72
59
62
57
58
58
60
59
61
77
56
58
60
118
108
71
55
80
117
55
78
55
55
56
58
73
111
111
67
61
113
124
115
111
86
66
88
105
56
72
92
64
